Define N 4 # This is a 4-qubit system
Define U 16
1 0 0 0 0 0 0 0 0 0 0 0 0 0 0 0 
0 1 0 0 0 0 0 0 0 0 0 0 0 0 0 0 
0 0 1 0 0 0 0 0 0 0 0 0 0 0 0 0 
0 0 0 1 0 0 0 0 0 0 0 0 0 0 0 0 
0 0 0 0 1 0 0 0 0 0 0 0 0 0 0 0 
0 0 0 0 0 1 0 0 0 0 0 0 0 0 0 0 
0 0 0 0 0 0 0 1 0 0 0 0 0 0 0 0 
0 0 0 0 0 0 1 0 0 0 0 0 0 0 0 0 
0 0 0 0 0 0 0 0 1 0 0 0 0 0 0 0 
0 0 0 0 0 0 0 0 0 1 0 0 0 0 0 0 
0 0 0 0 0 0 0 0 0 0 1 0 0 0 0 0 
0 0 0 0 0 0 0 0 0 0 0 1 0 0 0 0 
0 0 0 0 0 0 0 0 0 0 0 0 1 0 0 0 
0 0 0 0 0 0 0 0 0 0 0 0 0 1 0 0 
0 0 0 0 0 0 0 0 0 0 0 0 0 0 1 0 
0 0 0 0 0 0 0 0 0 0 0 0 0 0 0 1
Define V 8
-0.75 0.25 0.25 0.25 0.25 0.25 0.25 0.25
0.25 -0.75 0.25 0.25 0.25 0.25 0.25 0.25
0.25 0.25 -0.75 0.25 0.25 0.25 0.25 0.25
0.25 0.25 0.25 -0.75 0.25 0.25 0.25 0.25
0.25 0.25 0.25 0.25 -0.75 0.25 0.25 0.25
0.25 0.25 0.25 0.25 0.25 -0.75 0.25 0.25
0.25 0.25 0.25 0.25 0.25 0.25 -0.75 0.25
0.25 0.25 0.25 0.25 0.25 0.25 0.25 -0.75
Define Phi0
0 0 0 1 
Define Transform1
H H H I
Define Transform2
I I I H
Define Transform3
U 
Define Transform4
V I
Define Transform5
U
Define Transform5
V I
Define Transform6
M M M I
